0.765014011818 0554
0.765014011818 0731
0.765014011818 1263
0.765014011818 1069
0.765014011818 2570
0.765014011818 0770
0.765014011818 0389 0473
0.765014011818 0038 0797
0.765014011818 0038 0448
0.765014011818 0446
0.765014011818 0166
0.765014011818 0317 0563
0.765014011818 0028 0255
0.765014011818 1048
0.765014011818 0317 0473
0.765014011818 0603
0.765014011818 0066 0317
0.765014011818 0317 0448
0.765014011818 0066 0400
0.765014011818 0038 0317
0.765014011818 0038 0066
0.765014011818 0537
0.765014011818 0601
0.765014011818 0030
0.765014011818 0108
0.765014011818 0038 0066 0400
0.765014011818 0028 0317
0.765014011818 0472
0.765014011818 0317 0389
0.765014011818 0600
0.765014011818 1113
0.765014011818 0892
0.765014011818 0037
0.765014011818 0995
0.765014011818 0060 0317
0.765014011818 0850
0.765014011818 2037
0.765014011818 1964
0.765014011818 0317 0548
0.765014011818 0459
0.765014011818 0052
0.765014011818 0038 0472
0.765014011818 0550
0.765014011818 0235
0.765014011818 0206
0.765014011818 0152 1113
0.765014011818 1262
0.765014011818 0390 0548
0.765014011818 0105 0317
0.765014011818 0431
0.765014011818 0167
0.765014011818 0038 0234
0.765014011818 5447
0.765014011818 1691
0.765014011818 0604
0.765014011818 0450
0.765014011818 0031 0233
0.765014011818 0005
0.765014011818 1638
0.765014011818 0956
0.765014011818 0867
0.765014011818 0038 0473
0.765014011818 0152
0.765014011818 0038 0548
0.765014011818 0547
0.765014011818 0038 0400
0.765014011818 0830
0.765014011818 0317 0390
0.765014011818 0255
0.765014011818 2068
0.765014011818 0028 0038
0.765014011818 0545
0.765014011818 0229
0.765014011818 0096 0317
0.765014011818 1821
0.765014011818 0623
0.765014011818 0448 0473
0.765014011818 0389 0390
0.765014011818 1942
0.765014011818 0796
0.765014011818 0317 0497
0.765014011818 0814
0.765014011818 1815
0.765014011818 0828
0.765014011818 2260
0.765014011818 1532
0.765014011818 0317 0447
0.734765784816 0448
0.714165237287 0317
0.687478116584 0548
0.674721950702 0066
0.64728833185 0137
0.610118648133 0389
0.598149459213 0400
0.591181075605 0447
0.519034770164 0797
0.457715219555 0563
0.454810112053 0028
0.340749458286 0745
0.336049203132 0559
0.293773090891 0031
0.286189639682 0495
0.2721668871 1992
0.271113034696 0473
0.258032936769 0576
0.24950925547 0565
0.205178410822 1163
0.194767729195 0158
0.0899449042394 0078
0.0481189270282 0038 0359
0.0218609350467 0874
-0.0253580851698 0444
-0.0302955685789 0233
-0.0506906795517 1889
-0.0819416135362 0038
-0.148093948541 0027
-0.165445054929 0394
-0.223670674954 0655
-0.228967911405 0497
-0.246958106928 0096
-0.286524654226 0174
-0.289025827895 0757
-0.324448220259 0416
-0.354567603935 1102
-0.358628119961 0359
-0.371448230731 0415
-0.387805980656 0234
-0.410447139475 0034
-0.491752521542 0294
-0.533534845631 0092
-0.579997696182 0093
-0.586056845872 0443
-0.621870360643 0038 0105
-0.623256577898 0435
-0.624028278928 1119
-0.650056661634 0339
-0.755827457562 0026
-0.818030921871 0453
-0.832652956236 0627
-0.847289009072 0204
-0.889296535594 0474
-0.895405345176 0129
-0.998525605349 0442
-0.999989374721 0067
-1.0487537879 0105
-1.07035528641 1044
-1.08542778931 0003
-1.0858996271 0425
-1.10413735965 0441
-1.10959795644 0245
-1.16638589528 0526
-1.2155617028 0116
-1.3248714917 0056
-1.3705966251 0298
-1.37135842991 0205
-1.53860802152 0060
-1.55542825204 0036
-1.64170356013 0122
-1.65582910914 0118
-1.70967043719 0390
-1.80643368243 0248
-1.85398366165 0387
-2.02174486423 0458
