0.702319451359 1832
0.702319451359 0164 0436
0.702319451359 0089
0.702319451359 1049
0.702319451359 0181 0390
0.702319451359 3339
0.702319451359 2218
0.702319451359 0804
0.702319451359 0541
0.702319451359 1101
0.702319451359 0336
0.702319451359 0003 0025
0.702319451359 0156
0.702319451359 0367
0.702319451359 0060 0418
0.702319451359 0025 0177
0.702319451359 0323
0.702319451359 0325
0.702319451359 0355
0.702319451359 0025 0181
0.702319451359 1585
0.702319451359 0018 0479
0.702319451359 0393
0.702319451359 1908
0.702319451359 0950
0.702319451359 0181
0.702319451359 0543
0.702319451359 0525
0.702319451359 0117
0.702319451359 0298 1832
0.702319451359 0626
0.702319451359 0827
0.702319451359 0272
0.702319451359 0987
0.702319451359 0909
0.702319451359 0288 0436
0.702319451359 0706
0.702319451359 1029
0.702319451359 0499
0.702319451359 0829
0.702319451359 0661
0.702319451359 0164 0288
0.702319451359 0164 0288 0436
0.702319451359 0618
0.702319451359 0332
0.702319451359 0060 0067
0.702319451359 0006 0288
0.702319451359 0544
0.702319451359 0875
0.702319451359 2238
0.702319451359 0050
0.702319451359 0181 0248
0.702319451359 0247
0.702319451359 1397
0.702319451359 3530
0.702319451359 0677
0.702319451359 0060 0181
0.702319451359 1611
0.702319451359 1975
0.702319451359 0115
0.702319451359 0006 0025
0.702319451359 0025 0248
0.702319451359 0917
0.702319451359 0018 0025
0.702319451359 3584
0.702319451359 2544
0.702319451359 0025 0323
0.702319451359 1227
0.702319451359 1125
0.702319451359 4109
0.702319451359 2099
0.702319451359 0944
0.702319451359 0491
0.702319451359 0427
0.702319451359 2665
0.702319451359 2331
0.702319451359 0929
0.702319451359 0025 0458
0.702319451359 0439
0.702319451359 0436
0.702319451359 0488
0.702319451359 0040
0.702319451359 1789
0.702319451359 0721
0.702319451359 0330
0.702319451359 0323 0439
0.702319451359 0244
0.702319451359 0568
0.702319451359 2042
0.702319451359 1261
0.702319451359 0501
0.702319451359 1183
0.702319451359 2478
0.702319451359 2160
0.702319451359 0025 0060
0.702319451359 0018 0060
0.702319451359 0479 0544
0.702319451359 0162
0.702319451359 0873
0.702319451359 1071
0.702319451359 0749
0.702319451359 0006 0390
0.702319451359 1264
0.702319451359 0186
0.660841687149 0288
0.654529119101 0177
0.634648199266 0018
0.526747886776 1201
0.511291200932 0458
0.438150405246 0116
0.415902118088 0134
0.40704633962 0418
0.405604914995 0245
0.350159155053 0003
0.303726703154 0627
0.264891742346 0060
0.250251221136 0088
0.199891708392 1219
0.195030775105 0526
0.133196864058 0025 0390
0.114611573899 0755
0.108743820333 0060 0390
0.097548469558 0045
0.0524931050209 0573
0.0139056020252 0748
0.011916744336 0362
-0.00522250952603 0174
-0.00917545529077 0453
-0.0285240394363 0067
-0.0317212658985 0136
-0.0328641240227 0025 0067
-0.0418416442111 0234
-0.0475797437969 0164
-0.0516722825965 0025
-0.103283259971 0025 0234
-0.11974539121 0027
-0.122846746815 0946
-0.139800888859 1043
-0.150576254608 0021
-0.213725025611 0298
-0.261312646808 0479
-0.268534202981 0006 0060
-0.26894150772 0416
-0.292567269923 0874
-0.309268522916 0340
-0.398766673755 1083
-0.490325626583 0424
-0.530879724934 0394
-0.533704175048 0083
-0.550799485609 0248
-0.602194805015 0490
-0.611341027544 0752
-0.643580738309 0473
-0.670134743384 0495
-0.700693014426 0621
-0.745099344157 0149
-0.748787302627 0590
-0.75691518351 0204
-0.793670214066 0122
-0.844420439346 0559
-0.864984382865 0006
-0.980517588543 0000
-0.996158362967 0723
-1.04946213994 0745
-1.08195185759 1022
-1.08987566353 0838
-1.20653266058 0118
-1.42087823069 0481
-1.47541095257 0376
-1.52563087451 0390
-1.60095969383 0425
-1.60948826522 0026
-1.67010395293 0387
-1.69398148534 0137
-1.70683160853 0225
-2.53682590413 0152
-2.74456348446 0382
