0.914069821213 0032
0.914069821213 0261
0.914069821213 1248
0.914069821213 0138
0.914069821213 0973
0.914069821213 0792
0.914069821213 0237
0.914069821213 0064
0.914069821213 0006 0374
0.914069821213 0996
0.914069821213 0832
0.914069821213 0011
0.914069821213 0326
0.914069821213 0043
0.914069821213 0678
0.914069821213 1129
0.914069821213 0718
0.914069821213 0051
0.914069821213 0722
0.914069821213 0370
0.914069821213 0187
0.914069821213 0594
0.914069821213 0284 0298
0.914069821213 0042
0.914069821213 0642
0.914069821213 0811
0.914069821213 0248 0832
0.914069821213 0470
0.914069821213 0006 0248
0.914069821213 2848
0.914069821213 0296
0.914069821213 1025
0.914069821213 0478
0.914069821213 1057
0.914069821213 0435 1044
0.914069821213 1050
0.914069821213 0006 0967
0.914069821213 0985
0.914069821213 0982
0.914069821213 0147
0.914069821213 1650
0.914069821213 0351
0.914069821213 0149 0150
0.914069821213 0006 0838
0.914069821213 0656
0.914069821213 0227
0.914069821213 1026
0.914069821213 0006 0149
0.914069821213 3221
0.914069821213 1115
0.914069821213 3647
0.914069821213 0306
0.914069821213 0006 0678
0.914069821213 0085
0.914069821213 0098 0118
0.914069821213 1525
0.914069821213 0374 0722
0.914069821213 0374 0838
0.914069821213 0903
0.914069821213 0619
0.914069821213 0266
0.914069821213 1051
0.914069821213 1160
0.914069821213 0284
0.914069821213 0006 0326
0.914069821213 0967
0.914069821213 0942
0.914069821213 1419
0.914069821213 1175
0.914069821213 0678 0967
0.914069821213 0006 0067
0.914069821213 1393
0.914069821213 0310
0.914069821213 0100
0.914069821213 1136
0.914069821213 0324
0.914069821213 0409
0.914069821213 0238
0.914069821213 2896
0.854968589152 0098
0.733323363017 0007
0.578743692823 0299
0.54176820381 0205
0.527791314915 0056
0.520540896089 0009
0.490953083478 0150
0.478717019853 0838
0.475487964856 1022
0.431781216079 0118
0.421090877313 0617
0.376379101977 0006
0.347971372425 0195
0.31376694497 1010
0.296539833148 0374
0.280314661534 1044
0.267769085453 0285
0.253266306974 0492
0.227748878898 0752
0.220172948939 1119
0.219696103771 0435
0.192290630861 0093
0.185520643509 0248
0.145622587006 0194
0.140177658048 0424
0.0647173406094 1083
0.0244938109065 1102
-0.0182517045562 0340
-0.0338416676387 0757
-0.0594946867881 0006 0060
-0.0610585684517 0286
-0.0738105716252 0196
-0.0973349420594 0655
-0.118892067637 0298
-0.127499374611 0149
-0.158993640977 0394
-0.1935721453 0021
-0.207051875202 1043
-0.22872837812 0946
-0.27134847271 0026
-0.273018494406 0027
-0.324541110682 0233
-0.340949031688 0234
-0.360907581788 0067
-0.37414930008 0443
-0.39074500296 0453
-0.424464858293 0362
-0.427711329314 0748
-0.431730157469 0339
-0.575890595225 0045
-0.597007842382 0174
-0.609234714049 0755
-0.767416176687 0183
-0.924037902223 0088
-0.929372401083 0031
-0.96458907929 0060
-1.17228645704 0627
-1.22907673464 0225
-1.23670972416 0003
-1.28623890336 0359
-1.33729794294 0000
-1.39859001979 0122
-1.4177248888 0105
-1.46790565734 0563
-1.50316319147 0134
-1.75933064418 0797
-1.85939910669 0473
-2.04111615747 0458
