1337 0190
1226 0084
1114 0397
1051 0105
1029 0025
735 0387
533 0481
478 0067
433 0190 0397
431 0060
409 0036
385 0188
375 0479
365 0374
298 0026
241 0610
226 0317
225 0234
222 0376
222 0000
204 0105 0190
198 0191
197 0028
184 0390
182 0082
181 0096
179 0105 0397
177 0104
177 0025 0105
171 0084 0387
170 0088
170 0764
169 0193
154 0211
150 0418
148 0767
145 0025 0397
143 0276
142 0784
134 0651
134 0183
129 0397 0481
128 0690
126 0174
122 0294
121 0893
120 0250
120 0590
119 0441
119 0204
118 0093
118 0490
117 0034
117 0035
116 0621
114 0443
113 0395
113 0676
113 1076
111 0092
110 0387 0764
108 0462
108 0025 0190
106 0025 0084
105 0591
103 0339
102 0532
101 0196
101 0524
100 0001
100 0025 0067
99 0416
99 0389
98 0067 0397
98 0036 0084
97 0084 0784
96 0500
95 0082 0084
94 0308
94 0039
93 0625
93 0382
93 1810
93 0686
92 0122
90 0105 0190 0397
88 0018
88 0338
87 0150
84 1044
84 0889
84 0067 0190
83 0025 0610
82 0497
82 0240
82 1983
82 0282
81 0190 0376
81 0060 0084
81 0397 0479
79 0747
79 0489
78 0457
77 0084 0190
76 0467
75 0726
75 0429
74 0408
74 0060 0190
74 0353
73 0559
73 0969
73 0127
72 0025 0026
72 0025 0387
71 0378
71 0060 0397
71 0026 0105
69 0497 0893
68 0286
67 0697
67 0025 0234
67 1010
67 2074
66 0083
66 0136
65 0474
64 0596
64 1572
63 0312
62 0067 0105
62 0359
62 0424
61 0084 0308
61 0754
61 0851
60 0025 0481
60 0405
60 0062
60 0034 0387
60 2140
60 1402
59 0028 0397
59 0285
59 0729
59 0140
58 0728
57 0620
57 0253
57 0573
57 0205
55 0374 1076
55 0105 0196
55 0397 0418
55 0028 0190
54 0192
54 0397 0610
54 0028 0067
54 0191 0767
53 0029
53 0177
53 0096 0397
52 0003
51 1163
51 0067 0190 0397
51 0280
50 0084 0317
50 0027
50 1666
50 0430
50 0084 0481
