0.687532234362 0635
0.687532234362 0276 0390
0.687532234362 0180
0.687532234362 0487
0.687532234362 0258
0.687532234362 0225 0407
0.687532234362 0105 0390
0.687532234362 0382 0723
0.687532234362 0390 0425
0.687532234362 0509
0.687532234362 0880
0.687532234362 0099
0.687532234362 2050
0.687532234362 1506
0.687532234362 0398
0.687532234362 0017
0.687532234362 2304
0.687532234362 0390 2050
0.687532234362 2130
0.687532234362 0880 0881
0.687532234362 0149 0390
0.687532234362 0390 0723
0.687532234362 0390 0473
0.687532234362 1320
0.687532234362 0410
0.687532234362 0390 0526
0.687532234362 0382 0473
0.687532234362 0149 0180
0.687532234362 0471
0.687532234362 5085
0.687532234362 0878
0.687532234362 0390 0881
0.687532234362 0301
0.687532234362 0174 0390
0.687532234362 0123
0.687532234362 0105 0129 0390
0.687532234362 0382 0390
0.687532234362 0382 0407
0.687532234362 0881
0.687532234362 0382 0422
0.687532234362 0225 0382 0407
0.687532234362 0038 0441
0.687532234362 0038 0382
0.687532234362 0105 0441
0.687532234362 0090
0.687532234362 0038 0390
0.687532234362 0716
0.687532234362 0422
0.687532234362 0129 0390
0.687532234362 0105 0253
0.687532234362 0225 0382
0.687532234362 1836
0.687532234362 0496
0.687532234362 1835
0.687532234362 0858
0.687532234362 0122 0390
0.687532234362 0038 0253
0.687532234362 0496 1836
0.687532234362 1259
0.687532234362 0194 0934
0.687532234362 0390 0441
0.687532234362 0734
0.687532234362 0507
0.687532234362 0786
0.687532234362 0460
0.687532234362 0512
0.687532234362 0121
0.687532234362 0846
0.687532234362 1573
0.687532234362 0422 0723
0.687532234362 0762
0.687532234362 0038 0122
0.687532234362 0687
0.687532234362 0412
0.687532234362 0390 0880
0.687532234362 0135
0.687532234362 0105 0129
0.687532234362 0359 0390
0.687532234362 0248 0390
0.687532234362 0423
0.687532234362 0038 0338
0.687532234362 2101
0.687532234362 0938
0.687532234362 0560
0.687532234362 0390 0487
0.687532234362 0234 0390
0.687532234362 0777
0.687532234362 0120
0.687532234362 0122 0382
0.687532234362 0038 0194
0.687532234362 0407
0.687532234362 0253 0390
0.687532234362 0934
0.687532234362 0404
0.687532234362 0180 0390
0.687532234362 0081
0.687532234362 1744
0.687532234362 0713
0.687532234362 0382 0425
0.687532234362 0248 0382
0.687532234362 0225 0390
0.687532234362 0099 0723
0.687532234362 0088 0390
0.687532234362 0038 0225
0.687532234362 0026 0083
0.687532234362 0105 0253 0390
0.687532234362 0038 0105 0441
0.687532234362 0038 0105 0253
0.687532234362 0733
0.687532234362 0368
0.658082839181 0382
0.616572024023 0253
0.456836509294 0338
0.442299740287 0390
0.368336226524 0723
0.356684821786 0225
0.289216773891 0441
0.287461009607 0122
0.283210361557 0425
0.25298074117 0442
0.213940404744 0129
0.211504105194 0474
0.15624088159 0083
0.144212989224 0282
0.0889131954151 0038 0105
0.0116154938716 0353
-0.0373605275039 0280
-0.0428026125722 0276
-0.0620609681323 0415
-0.07100363996 0359
-0.148348385877 0149
-0.223410934426 0164
-0.303069067636 0038
-0.335011960139 1889
-0.356917717929 0339
-0.36196275669 0444
-0.401958288236 0416
-0.40608081641 0194
-0.408543737193 0060 0390
-0.441806191325 0025 0390
-0.446027021478 0038 0359
-0.453706831228 0105
-0.488790538279 0286
-0.498240020237 0078
-0.532259223239 0526
-0.538743621462 0492
-0.539788270472 1219
-0.542099013205 0093
-0.552644963178 0174
-0.601188815136 0234
-0.609710031613 0026
-0.64575572269 0158
-0.67621603622 0195
-0.67925009631 0424
-0.697611155529 0676
-0.734118884904 0565
-0.735924388116 0453
-0.748694886748 0576
-0.773389002416 1992
-0.778442230142 0211
-0.799345266677 0617
-0.807878681381 1044
-0.818820431663 0118
-0.820301550471 0096
-0.881310600996 0082
-0.881879341376 0473
-0.893956402314 0559
-0.903461608927 0745
-0.908885524182 0088
-0.95792606001 0092
-0.998034207298 0009
-1.06872469841 0183
-1.13608774206 0299
-1.14328166052 0752
-1.17980978898 0003
-1.21973255267 0248
-1.26607486015 1201
-1.338939977 0193
-1.60536835577 0447
-1.60636905424 0025
-1.6245815707 0007
-1.63310221216 0400
-1.81064218076 0288
-1.98728503362 0060
-1.99076967395 0066
-2.06224939562 0548
-2.24091711929 0067
-2.24366876865 0098
-2.37029111645 0448
-2.44077270166 0387
