1747 0317
1220 0038
762 0066
561 0448
560 0028
504 0152
502 0548
467 0473
463 0389
421 0390
406 0137
371 0105
365 0031
337 0563
312 0797
291 0447
286 0400
264 0317 0448
228 0255
224 0554
219 0060
219 0067
215 0234
208 0066 0400
207 0038 0317
192 0731
189 0745
189 0233
181 0576
177 0038 0066
165 0038 0548
164 0537
163 0559
159 0547
157 0028 0255
157 0317 0563
151 0096
149 1048
149 0359
143 0248
141 0038 0105
140 0026
138 0078
137 0601
137 0030
134 0108
131 0757
130 0038 0400
129 0387
129 0441
125 1263
124 0093
122 0174
122 0317 0473
121 0027
121 0038 0066 0400
118 0028 0317
112 0003
109 0495
108 2068
107 0472
106 0158
104 0317 0389
104 0298
103 0600
101 0129
99 0830
96 1113
95 0565
94 0892
94 0037
93 0627
93 0118
93 0603
92 0036
91 0425
89 0317 0390
89 0442
88 0995
87 0060 0317
86 0028 0038
85 0394
85 1992
84 0066 0317
84 1119
84 1163
83 0458
81 1102
81 0850
80 2037
80 0034
79 0229
79 0545
78 1964
77 0245
77 0122
76 0294
75 0416
75 0096 0317
72 0474
71 0874
70 1889
70 0497
70 0056
69 0317 0548
68 0623
68 0453
68 1821
68 0435
67 0038 0472
67 0459
67 0526
67 0052
66 0092
66 0550
66 0152 1113
66 0206
66 0235
64 0655
64 0443
63 0415
63 0448 0473
63 0389 0390
62 0105 0317
62 0390 0548
62 1262
61 1069
60 0317 0497
60 0796
60 0116
60 1942
59 0814
58 0828
58 1815
58 0038 0359
58 0205
57 0167
57 0038 0234
57 0431
55 0038 0797
55 0770
55 0389 0473
55 2570
55 0038 0448
54 0317 0447
54 1532
54 2260
54 0339
53 5447
53 1691
53 0005
53 0450
53 0604
53 0031 0233
52 0956
52 1638
52 0038 0473
52 0867
52 0444
51 1044
51 0166
51 0204
51 0446
