1210 0025
991 0060
867 0181
685 0006
614 0067
587 0018
558 0458
511 0248
492 0390
470 0323
433 0418
398 0298
395 0177
375 0088
340 0003
329 0479
320 0234
311 0439
310 0288
280 0543
269 0473
255 1201
255 0134
240 1261
239 0245
233 0362
225 0436
222 0627
222 0488
219 0526
219 0325
217 0045
212 0525
209 1832
205 0116
187 0501
183 0040
181 0164
181 0117
178 0298 1832
177 1789
175 0755
166 0122
161 0174
161 0723
160 0453
160 0721
157 0387
156 0626
148 0827
147 0118
146 0272
144 0987
143 0330
141 0481
140 0164 0436
139 0748
136 0355
134 0027
134 0909
133 0323 0439
131 1183
129 0149
123 0083
123 0025 0181
122 0288 0436
121 0025 0067
121 0244
119 0706
117 0499
117 1029
115 0829
115 0661
115 0164 0288
112 0164 0288 0436
109 1585
108 0089
107 0568
105 2042
105 0752
104 0618
101 0332
100 0225
100 0018 0479
99 2160
99 0382
99 2478
99 0025 0060
98 0021
96 0393
94 0060 0067
93 0950
93 1908
92 0946
91 1049
89 0006 0288
88 0000
88 0544
87 0181 0390
87 0137
86 0416
86 0875
84 1219
84 0018 0060
82 1043
82 0838
81 2238
81 0050
80 0181 0248
80 0136
79 0573
78 0247
77 1397
76 0559
76 3530
76 0677
76 0060 0181
75 1611
75 0006 0060
73 0025 0234
72 1975
72 0745
72 0006 0025
72 0115
71 2218
71 0804
71 3339
71 0541
70 0025 0248
70 0424
69 0490
69 1101
69 0336
68 0025 0390
68 0060 0390
67 0003 0025
67 0026
66 0162
66 0479 0544
65 0018 0025
65 0917
64 0156
63 1022
63 0873
62 0874
62 1083
62 0340
61 0621
61 0006 0390
61 0495
61 0749
61 1071
60 0590
60 3584
60 2544
60 0025 0323
59 0186
59 0204
59 1264
58 1227
58 1125
58 0425
57 0944
57 0491
57 0394
57 4109
57 0427
57 2099
56 0367
56 0025 0177
56 0376
56 0060 0418
55 0152
55 2665
55 0025 0458
55 0929
55 2331
