0.776904339536 0190
0.776904339536 0084
0.776904339536 0191
0.776904339536 0104
0.776904339536 0025 0105
0.776904339536 0025 0397
0.776904339536 0035
0.776904339536 0082 0084
0.776904339536 1810
0.776904339536 0686
0.776904339536 0625
0.776904339536 0467
0.776904339536 0969
0.776904339536 0127
0.776904339536 0851
0.776904339536 0754
0.776904339536 0084 0308
0.776904339536 0397 0418
0.776904339536 0374 1076
0.776904339536 0105 0196
0.776904339536 0028 0190
0.776904339536 0190 0397
0.776904339536 0610
0.776904339536 0105 0397
0.776904339536 0767
0.776904339536 0397 0481
0.776904339536 0893
0.776904339536 1076
0.776904339536 0395
0.776904339536 0025 0084
0.776904339536 0524
0.776904339536 0084 0784
0.776904339536 0308
0.776904339536 0039
0.776904339536 0188
0.776904339536 0105 0190
0.776904339536 0084 0387
0.776904339536 0764
0.776904339536 0784
0.776904339536 0651
0.776904339536 0387 0764
0.776904339536 0462
0.776904339536 0025 0190
0.776904339536 0591
0.776904339536 0067 0397
0.776904339536 0036 0084
0.776904339536 0500
0.776904339536 0889
0.776904339536 0067 0190
0.776904339536 0025 0610
0.776904339536 1983
0.776904339536 0240
0.776904339536 0747
0.776904339536 0489
0.776904339536 0457
0.776904339536 0726
0.776904339536 0429
0.776904339536 0408
0.776904339536 0060 0190
0.776904339536 0378
0.776904339536 0060 0397
0.776904339536 0026 0105
0.776904339536 0497 0893
0.776904339536 2074
0.776904339536 0697
0.776904339536 1572
0.776904339536 0596
0.776904339536 0067 0105
0.776904339536 2140
0.776904339536 1402
0.776904339536 0405
0.776904339536 0062
0.776904339536 0034 0387
0.776904339536 0025 0481
0.776904339536 0728
0.776904339536 0620
0.776904339536 0397 0610
0.776904339536 0192
0.776904339536 0191 0767
0.776904339536 0028 0067
0.776904339536 0096 0397
0.776904339536 0029
0.776904339536 0067 0190 0397
0.776904339536 1666
0.776904339536 0430
0.776904339536 0084 0481
0.776904339536 0084 0317
0.776904339536 0690
0.776904339536 0250
0.776904339536 0532
0.776904339536 0397
0.776904339536 0001
0.776904339536 0105 0190 0397
0.776904339536 0397 0479
0.776904339536 0190 0376
0.776904339536 0060 0084
0.776904339536 0084 0190
0.776904339536 0025 0387
0.776904339536 0025 0026
0.776904339536 0312
0.776904339536 0729
0.776904339536 0140
0.776904339536 0028 0397
0.587265161999 0387
0.561403026918 0376
0.547315174869 0481
0.541517210756 0193
0.527842464186 0036
0.404219694367 0000
0.36909619651 0082
0.31841930911 0211
0.305012565633 0204
0.30096573257 0590
0.276303678336 0621
0.274570900331 0676
0.273137921663 0183
0.221676822765 0490
0.147362540706 0092
0.121932941922 0294
0.115623390672 0105
0.0706355425931 0443
0.0688651245662 0034
0.038642406851 0339
0.00171942313965 0026
-0.0160966071455 0416
-0.0227565999628 0479
-0.0546413198245 0096
-0.0698232843863 0497
-0.15734121498 0196
-0.169055820751 0286
-0.177265593196 0025 0234
-0.235683312667 0025
-0.258118136326 0025 0067
-0.25950220623 0136
-0.29317060657 0276
-0.300394933338 0280
-0.301698769885 0174
-0.305962099648 0067
-0.368395033456 0353
-0.368644593794 0573
-0.390402995156 0234
-0.51682686352 0424
-0.559621131564 0285
-0.578971087274 1044
-0.58383803064 1163
-0.584636652037 0282
-0.604644537557 0374
-0.611915639006 0093
-0.632739900972 1010
-0.794793250235 0088
-0.836233457239 0060
-0.872266266043 0559
-0.984723308864 0150
-0.992272637975 0474
-0.993777532991 0027
-1.07260514941 0418
-1.12154544609 0028
-1.15772970447 0083
-1.18880929789 0441
-1.22183828457 0359
-1.37889033307 0205
-1.42788466846 0122
-1.43555451662 0338
-1.6845174757 0389
-2.02834189268 0003
-2.05338384001 0018
-2.1935062342 0177
-2.30544405387 0317
-2.38721955514 0253
-2.76206502417 0390
-2.82193205392 0382
