366 0138
243 0105
235 0011
234 0007
228 0056
216 0234
212 0026
203 0194
197 0205
193 0006 0326
191 0093
190 0032
185 0043
183 0973
177 1129
167 0942
160 0299
156 0752
154 1022
153 0718
150 0085
145 0098 0118
144 0792
143 0362
141 0031
141 0757
139 0233
138 0088
138 0051
136 1119
135 0237
134 0370
133 0225
133 0009
128 0617
118 0187
114 0594
113 0045
111 1010
107 0195
105 0284 0298
102 0453
102 0042
98 0027
97 0642
96 1419
95 1102
94 0003
94 0064
94 0006 0374
92 0196
92 1525
90 0285
90 0424
89 0374 0722
88 0755
87 0374 0838
85 0248 0832
85 0811
85 0748
84 0122
83 0903
83 0266
83 0619
82 1175
82 0678 0967
82 0174
80 0563
80 0473
80 0996
79 0021
79 0006 0248
79 0470
79 0458
77 0394
77 0296
77 2848
76 1051
75 0006 0067
74 1160
73 1393
72 1025
72 0443
72 0006 0060
71 0946
71 0492
71 1083
70 0478
69 1057
69 0435 1044
68 1050
68 0006 0967
67 0985
66 0982
66 0147
65 0310
65 0627
65 1043
65 0100
63 0655
63 2896
63 0340
63 0286
62 0006 0838
62 0351
62 0149 0150
62 1650
61 0261
61 0339
60 1136
58 0797
58 0324
57 0656
57 0227
56 0409
56 0183
56 0238
56 0134
55 0000
55 1248
54 1026
54 0006 0149
53 3221
53 1115
52 0359
52 3647
52 0006 0678
52 0306
