2181 0390
1220 0038
1153 0382
787 0105
516 0225
508 0253
445 0723
436 0382 0390
395 0441
377 0122
363 0338
336 0407
305 0180
279 0149
278 0025
274 0425
269 0038 0105
261 0487
257 0248
254 0129
247 0442
235 0473
234 0258
229 0716
227 0422
220 0118
215 0225 0407
213 0083
212 0359
192 0234
189 0276
186 0026
185 0105 0390
184 0382 0723
180 0474
179 0194
177 0253 0390
173 0390 0425
172 0164
166 0060
163 0088
161 0129 0390
158 0105 0253
156 0509
154 0225 0382
152 0382 0407
151 0282
143 0880
142 0093
142 0526
141 1836
140 0066
137 0496
136 0881
133 0934
128 1835
125 0382 0422
119 0404
114 0003
109 0038 0441
109 0225 0382 0407
108 0038 0382
107 0078
107 0353
105 0576
104 0090
104 0105 0441
102 0174
100 0038 0253
100 0858
100 0122 0390
97 0099
96 0038 0390
95 0496 1836
93 0745
92 0194 0934
92 1259
91 0415
91 0390 0441
90 0096
89 0387
89 0734
88 2050
87 0507
87 0339
87 0548
85 0786
85 0082
84 0067
83 1506
83 0453
81 0559
81 0460
80 0211
79 0416
79 0081
79 1201
79 0180 0390
76 0448
75 0512
75 0121
74 0447
74 0846
72 1044
71 0400
71 1744
71 0617
70 1573
70 0422 0723
69 0158
69 0762
69 0038 0122
68 0195
68 0280
67 1889
66 0017
66 0398
65 2304
65 0390 2050
64 0412
64 0105 0129
64 0390 0880
64 0676
64 0687
64 0135
63 0248 0390
63 0359 0390
63 0299
62 0423
62 0038 0338
61 0390 0487
61 2101
61 0234 0390
61 0752
61 0560
61 0938
60 2130
60 0880 0881
60 0009
60 0149 0390
60 0288
59 0390 0473
59 0007
59 0390 0723
58 1320
57 0248 0382
57 0713
57 0382 0425
57 0225 0390
57 0424
56 0410
56 0565
56 0149 0180
56 0390 0526
56 0382 0473
55 0471
54 1219
54 0088 0390
54 0038 0225
54 0026 0083
54 0099 0723
53 0038 0105 0253
53 0038 0105 0441
53 0492
53 0105 0253 0390
52 0777
52 0183
52 0120
51 0098
51 0193
51 0038 0194
51 0060 0390
51 0122 0382
50 0368
50 0286
50 0733
49 0025 0390
49 0276 0390
49 0635
48 0092
48 0390 0881
48 0105 0129 0390
48 1992
48 0878
48 5085
48 0038 0359
48 0444
48 0174 0390
48 0123
48 0301
